1.422116e+05
1.422116e+05
1.422116e+05
1.422116e+05
1.422116e+05
1.422115e+05
1.422115e+05
1.422115e+05
1.422115e+05
1.422115e+05
1.422115e+05
1.422115e+05
1.422115e+05
1.422115e+05
1.422114e+05
1.422114e+05
1.422114e+05
1.422114e+05
1.422114e+05
1.422114e+05
1.422114e+05
1.422114e+05
1.422113e+05
1.422113e+05
1.422113e+05
1.422113e+05
1.422113e+05
1.422113e+05
1.422113e+05
1.422113e+05
1.422113e+05
1.390534e+05
1.390534e+05
1.390534e+05
1.390534e+05
1.390534e+05
1.390534e+05
1.390534e+05
1.390533e+05
1.390533e+05
1.390533e+05
1.390533e+05
1.390533e+05
1.390533e+05
1.390533e+05
1.390533e+05
1.390532e+05
1.390532e+05
1.390532e+05
1.390532e+05
1.390532e+05
1.390532e+05
1.390532e+05
1.390532e+05
1.390531e+05
1.390531e+05
1.390531e+05
1.390531e+05
1.390531e+05
1.390531e+05
1.390531e+05
1.390531e+05
1.358952e+05
1.358952e+05
1.358952e+05
1.358952e+05
1.358952e+05
1.358952e+05
1.358952e+05
1.358952e+05
1.358951e+05
1.358951e+05
1.358951e+05
1.358951e+05
1.358951e+05
1.358951e+05
1.358951e+05
1.358951e+05
1.358950e+05
1.358950e+05
1.358950e+05
1.358950e+05
1.358950e+05
1.358950e+05
1.358950e+05
1.358950e+05
1.358949e+05
1.358949e+05
1.358949e+05
1.358949e+05
1.358949e+05
1.358949e+05
1.358949e+05
1.327370e+05
1.327370e+05
1.327370e+05
1.327370e+05
1.327370e+05
1.327370e+05
1.327370e+05
1.327370e+05
1.327370e+05
1.327370e+05
1.327369e+05
1.327369e+05
1.327369e+05
1.327369e+05
1.327369e+05
1.327369e+05
1.327369e+05
1.327368e+05
1.327368e+05
1.327368e+05
1.327368e+05
1.327368e+05
1.327368e+05
1.327368e+05
1.327368e+05
1.327368e+05
1.327367e+05
1.327367e+05
1.327367e+05
1.327367e+05
1.327367e+05
1.295788e+05
1.295788e+05
1.295788e+05
1.295788e+05
1.295788e+05
1.295788e+05
1.295788e+05
1.295788e+05
1.295788e+05
1.295788e+05
1.295788e+05
1.295787e+05
1.295787e+05
1.295787e+05
1.295787e+05
1.295787e+05
1.295787e+05
1.295787e+05
1.295786e+05
1.295786e+05
1.295786e+05
1.295786e+05
1.295786e+05
1.295786e+05
1.295786e+05
1.295786e+05
1.295786e+05
1.295785e+05
1.295785e+05
1.295785e+05
1.295785e+05
1.264207e+05
1.264207e+05
1.264207e+05
1.264206e+05
1.264206e+05
1.264206e+05
1.264206e+05
1.264206e+05
1.264206e+05
1.264206e+05
1.264206e+05
1.264206e+05
1.264205e+05
1.264205e+05
1.264205e+05
1.264205e+05
1.264205e+05
1.264205e+05
1.264204e+05
1.264204e+05
1.264204e+05
1.264204e+05
1.264204e+05
1.264204e+05
1.264204e+05
1.264204e+05
1.264204e+05
1.264204e+05
1.264203e+05
1.264203e+05
1.264203e+05
1.232625e+05
1.232625e+05
1.232625e+05
1.232625e+05
1.232625e+05
1.232625e+05
1.232624e+05
1.232624e+05
1.232624e+05
1.232624e+05
1.232624e+05
1.232624e+05
1.232624e+05
1.232623e+05
1.232623e+05
1.232623e+05
1.232623e+05
1.232623e+05
1.232623e+05
1.232622e+05
1.232622e+05
1.232622e+05
1.232622e+05
1.232622e+05
1.232622e+05
1.232622e+05
1.232622e+05
1.232622e+05
1.232622e+05
1.232622e+05
1.232621e+05
1.201043e+05
1.201043e+05
1.201043e+05
1.201043e+05
1.201043e+05
1.201043e+05
1.201043e+05
1.201043e+05
1.201042e+05
1.201042e+05
1.201042e+05
1.201042e+05
1.201042e+05
1.201042e+05
1.201041e+05
1.201041e+05
1.201041e+05
1.201041e+05
1.201041e+05
1.201041e+05
1.201040e+05
1.201040e+05
1.201040e+05
1.201040e+05
1.201040e+05
1.201040e+05
1.201040e+05
1.201040e+05
1.201040e+05
1.201040e+05
1.201040e+05
1.169461e+05
1.169461e+05
1.169461e+05
1.169461e+05
1.169461e+05
1.169461e+05
1.169461e+05
1.169461e+05
1.169461e+05
1.169460e+05
1.169460e+05
1.169460e+05
1.169460e+05
1.169460e+05
1.169460e+05
1.169459e+05
1.169459e+05
1.169459e+05
1.169459e+05
1.169459e+05
1.169458e+05
1.169458e+05
1.169458e+05
1.169458e+05
1.169458e+05
1.169458e+05
1.169458e+05
1.169458e+05
1.169458e+05
1.169458e+05
1.169458e+05
1.137880e+05
1.137880e+05
1.137879e+05
1.137879e+05
1.137879e+05
1.137879e+05
1.137879e+05
1.137879e+05
1.137879e+05
1.137879e+05
1.137878e+05
1.137878e+05
1.137878e+05
1.137878e+05
1.137878e+05
1.137877e+05
1.137877e+05
1.137877e+05
1.137877e+05
1.137877e+05
1.137876e+05
1.137876e+05
1.137876e+05
1.137876e+05
1.137876e+05
1.137876e+05
1.137876e+05
1.137876e+05
1.137876e+05
1.137876e+05
1.137876e+05
1.106298e+05
1.106298e+05
1.106298e+05
1.106298e+05
1.106298e+05
1.106298e+05
1.106297e+05
1.106297e+05
1.106297e+05
1.106297e+05
1.106297e+05
1.106296e+05
1.106296e+05
1.106296e+05
1.106296e+05
1.106296e+05
1.106295e+05
1.106295e+05
1.106295e+05
1.106295e+05
1.106295e+05
1.106294e+05
1.106294e+05
1.106294e+05
1.106294e+05
1.106294e+05
1.106294e+05
1.106294e+05
1.106294e+05
1.106294e+05
1.106294e+05
1.074716e+05
1.074716e+05
1.074716e+05
1.074716e+05
1.074716e+05
1.074716e+05
1.074716e+05
1.074715e+05
1.074715e+05
1.074715e+05
1.074715e+05
1.074715e+05
1.074714e+05
1.074714e+05
1.074714e+05
1.074714e+05
1.074713e+05
1.074713e+05
1.074713e+05
1.074713e+05
1.074713e+05
1.074712e+05
1.074712e+05
1.074712e+05
1.074712e+05
1.074712e+05
1.074712e+05
1.074712e+05
1.074712e+05
1.074712e+05
1.074711e+05
1.043135e+05
1.043135e+05
1.043134e+05
1.043134e+05
1.043134e+05
1.043134e+05
1.043134e+05
1.043134e+05
1.043134e+05
1.043133e+05
1.043133e+05
1.043133e+05
1.043133e+05
1.043132e+05
1.043132e+05
1.043132e+05
1.043132e+05
1.043131e+05
1.043131e+05
1.043131e+05
1.043131e+05
1.043130e+05
1.043130e+05
1.043130e+05
1.043130e+05
1.043130e+05
1.043130e+05
1.043130e+05
1.043129e+05
1.043129e+05
1.043129e+05
1.011553e+05
1.011553e+05
1.011553e+05
1.011553e+05
1.011553e+05
1.011552e+05
1.011552e+05
1.011552e+05
1.011552e+05
1.011552e+05
1.011551e+05
1.011551e+05
1.011551e+05
1.011551e+05
1.011550e+05
1.011550e+05
1.011550e+05
1.011549e+05
1.011549e+05
1.011549e+05
1.011549e+05
1.011548e+05
1.011548e+05
1.011548e+05
1.011548e+05
1.011548e+05
1.011548e+05
1.011547e+05
1.011547e+05
1.011547e+05
1.011547e+05
9.799713e+04
9.799713e+04
9.799712e+04
9.799711e+04
9.799710e+04
9.799708e+04
9.799706e+04
9.799704e+04
9.799701e+04
9.799699e+04
9.799696e+04
9.799693e+04
9.799690e+04
9.799687e+04
9.799684e+04
9.799681e+04
9.799677e+04
9.799674e+04
9.799671e+04
9.799668e+04
9.799665e+04
9.799663e+04
9.799661e+04
9.799659e+04
9.799657e+04
9.799656e+04
9.799655e+04
9.799654e+04
9.799653e+04
9.799653e+04
9.799652e+04
9.483899e+04
9.483899e+04
9.483898e+04
9.483897e+04
9.483896e+04
9.483894e+04
9.483891e+04
9.483888e+04
9.483885e+04
9.483882e+04
9.483879e+04
9.483876e+04
9.483872e+04
9.483869e+04
9.483866e+04
9.483862e+04
9.483858e+04
9.483854e+04
9.483851e+04
9.483848e+04
9.483845e+04
9.483842e+04
9.483840e+04
9.483838e+04
9.483836e+04
9.483835e+04
9.483834e+04
9.483833e+04
9.483832e+04
9.483831e+04
9.483831e+04
9.168105e+04
9.168104e+04
9.168103e+04
9.168102e+04
9.168100e+04
9.168096e+04
9.168092e+04
9.168087e+04
9.168081e+04
9.168075e+04
9.168070e+04
9.168066e+04
9.168063e+04
9.168059e+04
9.168053e+04
9.168047e+04
9.168041e+04
9.168035e+04
9.168031e+04
9.168027e+04
9.168024e+04
9.168021e+04
9.168018e+04
9.168016e+04
9.168014e+04
9.168013e+04
9.168012e+04
9.168011e+04
9.168010e+04
9.168010e+04
9.168010e+04
8.852583e+04
8.852582e+04
8.852572e+04
8.852558e+04
8.852545e+04
8.852536e+04
8.852526e+04
8.852506e+04
8.852470e+04
8.852425e+04
8.852386e+04
8.852374e+04
8.852401e+04
8.852400e+04
8.852370e+04
8.852326e+04
8.852284e+04
8.852251e+04
8.852226e+04
8.852208e+04
8.852202e+04
8.852199e+04
8.852196e+04
8.852194e+04
8.852191e+04
8.852190e+04
8.852188e+04
8.852187e+04
8.852187e+04
8.852187e+04
8.852186e+04
8.539976e+04
8.539979e+04
8.539908e+04
8.539790e+04
8.539690e+04
8.539638e+04
8.539587e+04
8.539439e+04
8.539106e+04
8.538592e+04
8.538038e+04
8.537827e+04
8.538746e+04
8.538766e+04
8.538374e+04
8.537858e+04
8.537397e+04
8.537061e+04
8.536834e+04
8.536677e+04
8.536562e+04
8.536476e+04
8.536418e+04
8.536385e+04
8.536372e+04
8.536369e+04
8.536367e+04
8.536365e+04
8.536364e+04
8.536364e+04
8.536364e+04
8.711020e+04
8.710811e+04
8.710351e+04
8.709596e+04
8.708468e+04
8.706783e+04
8.704085e+04
8.699230e+04
8.689409e+04
8.667649e+04
8.615837e+04
8.480003e+04
8.244751e+04
8.240894e+04
8.236662e+04
8.232686e+04
8.229331e+04
8.226792e+04
8.225037e+04
8.223866e+04
8.223066e+04
8.222502e+04
8.222112e+04
8.221872e+04
8.221750e+04
8.221693e+04
8.221657e+04
8.221622e+04
8.221591e+04
8.221582e+04
8.221597e+04
8.810631e+04
8.810363e+04
8.809794e+04
8.808862e+04
8.807456e+04
8.805353e+04
8.802019e+04
8.796108e+04
8.784234e+04
8.757781e+04
8.693162e+04
8.506796e+04
8.018294e+04
7.998101e+04
7.979779e+04
7.964236e+04
7.951016e+04
7.939822e+04
7.931023e+04
7.924892e+04
7.921084e+04
7.918914e+04
7.917660e+04
7.916729e+04
7.915875e+04
7.915206e+04
7.914900e+04
7.914981e+04
7.915264e+04
7.915460e+04
7.915454e+04
8.813800e+04
8.813482e+04
8.812811e+04
8.811717e+04
8.810088e+04
8.807710e+04
8.804086e+04
8.797930e+04
8.785906e+04
8.759229e+04
8.692718e+04
8.491153e+04
7.886261e+04
7.843725e+04
7.802816e+04
7.767187e+04
7.736353e+04
7.708898e+04
7.685316e+04
7.667490e+04
7.656367e+04
7.650841e+04
7.648299e+04
7.646130e+04
7.643308e+04
7.640655e+04
7.639505e+04
7.640241e+04
7.641828e+04
7.642682e+04
7.642297e+04
8.782510e+04
8.782106e+04
8.781260e+04
8.779891e+04
8.777888e+04
8.775073e+04
8.771044e+04
8.764707e+04
8.753086e+04
8.727925e+04
8.664127e+04
8.461995e+04
7.821667e+04
7.764600e+04
7.701886e+04
7.642048e+04
7.589321e+04
7.544366e+04
7.507236e+04
7.478795e+04
7.459700e+04
7.448685e+04
7.442698e+04
7.438829e+04
7.435633e+04
7.433093e+04
7.431814e+04
7.431917e+04
7.432572e+04
7.432699e+04
7.432019e+04
8.726473e+04
8.725890e+04
8.724675e+04
8.722723e+04
8.719904e+04
8.716085e+04
8.711000e+04
8.703829e+04
8.692172e+04
8.668963e+04
8.610987e+04
8.418990e+04
7.792463e+04
7.725160e+04
7.643762e+04
7.560668e+04
7.486343e+04
7.426789e+04
7.383232e+04
7.352979e+04
7.331036e+04
7.313990e+04
7.301999e+04
7.296245e+04
7.296226e+04
7.298736e+04
7.299306e+04
7.296001e+04
7.291295e+04
7.288641e+04
7.288875e+04
8.628153e+04
8.627010e+04
8.624655e+04
8.620859e+04
8.615355e+04
8.607993e+04
8.598661e+04
8.586827e+04
8.570796e+04
8.545948e+04
8.496524e+04
8.338834e+04
7.784727e+04
7.695072e+04
7.593605e+04
7.492845e+04
7.403371e+04
7.334410e+04
7.288992e+04
7.261228e+04
7.240900e+04
7.222411e+04
7.207746e+04
7.201360e+04
7.203854e+04
7.209703e+04
7.211522e+04
7.206422e+04
7.198601e+04
7.194476e+04
7.195937e+04
8.290957e+04
8.288737e+04
8.284209e+04
8.276875e+04
8.266095e+04
8.251579e+04
8.233318e+04
8.210655e+04
8.181210e+04
8.139972e+04
8.078064e+04
7.979160e+04
7.801100e+04
7.650078e+04
7.522020e+04
7.412128e+04
7.320614e+04
7.251814e+04
7.207042e+04
7.180285e+04
7.162866e+04
7.149606e+04
7.139960e+04
7.135336e+04
7.135596e+04
7.137766e+04
7.138329e+04
7.135994e+04
7.132513e+04
7.130875e+04
7.132003e+04
7.979749e+04
7.977550e+04
7.973203e+04
7.966125e+04
7.955460e+04
7.940841e+04
7.922520e+04
7.900206e+04
7.871827e+04
7.832959e+04
7.776977e+04
7.696875e+04
7.589458e+04
7.479868e+04
7.379629e+04
7.293310e+04
7.222668e+04
7.167772e+04
7.127607e+04
7.101073e+04
7.086575e+04
7.081312e+04
7.080593e+04
7.078945e+04
7.074265e+04
7.069256e+04
7.067411e+04
7.069785e+04
7.074277e+04
7.076996e+04
7.076374e+04
7.680875e+04
7.678656e+04
7.674714e+04
7.668510e+04
7.658942e+04
7.645265e+04
7.627594e+04
7.606105e+04
7.579769e+04
7.545817e+04
7.500343e+04
7.440253e+04
7.366563e+04
7.289130e+04
7.217938e+04
7.159298e+04
7.113522e+04
7.076257e+04
7.044821e+04
7.021654e+04
7.010299e+04
7.009986e+04
7.013980e+04
7.014024e+04
7.007455e+04
6.999256e+04
6.996267e+04
7.000868e+04
7.008829e+04
7.013195e+04
7.011583e+04
7.405169e+04
7.403062e+04
7.399267e+04
7.393575e+04
7.385362e+04
7.373957e+04
7.358954e+04
7.340120e+04
7.317072e+04
7.289027e+04
7.254736e+04
7.212986e+04
7.164184e+04
7.112555e+04
7.064571e+04
7.025315e+04
6.995270e+04
6.971501e+04
6.951982e+04
6.937569e+04
6.929912e+04
6.928411e+04
6.929481e+04
6.929055e+04
6.925800e+04
6.921836e+04
6.920320e+04
6.922361e+04
6.925909e+04
6.927747e+04
6.926878e+04
7.156720e+04
7.155219e+04
7.150595e+04
7.143579e+04
7.135675e+04
7.127320e+04
7.117514e+04
7.104026e+04
7.084998e+04
7.061107e+04
7.034493e+04
7.006473e+04
6.977293e+04
6.946790e+04
6.915377e+04
6.885883e+04
6.862356e+04
6.846814e+04
6.838631e+04
6.834702e+04
6.830534e+04
6.824577e+04
6.819409e+04
6.817601e+04
6.819522e+04
6.823050e+04
6.824295e+04
6.821469e+04
6.817325e+04
6.815144e+04
6.815595e+04
6.914695e+04
6.913597e+04
6.908472e+04
6.900554e+04
6.892827e+04
6.886733e+04
6.880967e+04
6.871941e+04
6.856668e+04
6.836216e+04
6.814506e+04
6.794585e+04
6.776779e+04
6.758590e+04
6.737117e+04
6.713777e+04
6.694244e+04
6.683202e+04
6.680777e+04
6.681907e+04
6.679630e+04
6.672192e+04
6.664559e+04
6.662219e+04
6.666380e+04
6.672954e+04
6.675274e+04
6.670526e+04
6.663143e+04
6.659027e+04
6.659657e+04
